0
0
0
0
0
0
0
0
0
0
0
0
0
0
0
0
0
0
0
0
0
0
0
0
0
0
0
0
0
0
0
0
0
0
0
0
0
0
0
0
0
0
0
0
0
0
0
0
0
0
0
0
0
0
0
0
0
0
0
0
0
0
0
0
1
0
0
0
0
0
0
0
0
0
0
0
0
0
0
0
0
0
0
0
0
0
0
0
0
0
0
0
0
0
0
0
0
0
0
0
0
0
0
0
0
0
0
0
0
0
0
0
0
0
0
0
0
0
0
0
0
0
0
0
0
0
0
0
-333
509
489
102
324
-45
252
87
-342
267
-486
-229
209
187
277
476
268
453
-100
-245
-432
-175
-396
-357
150
-503
303
337
459
-327
-124
318
-445
39
-95
416
-503
464
41
267
348
-50
39
507
305
296
489
-8
216
406
82
485
-81
-461
85
347
312
367
-488
-354
-233
-426
-370
341
-235
348
-150
-259
-82
473
-3
-507
-106
-316
443
-382
82
-148
-233
154
254
421
-257
40
385
-472
-469
338
-374
-493
-374
-352
284
212
-211
-377
-46
319
328
109
429
-439
120
-49
221
106
442
-114
220
-54
365
-182
292
275
317
315
457
-229
-270
56
173
-338
250
-175
252
-206
187
-288
-125
-183
-507
508
163
-167
340
-289
165
348
276
306
207
397
-31
505
-323
-469
-191
-356
107
500
-118
-389
449
259
-421
376
146
-456
385
319
432
176
31
-248
263
164
-105
113
-80
368
237
-218
381
-52
-416
283
-82
-312
-180
408
99
164
-318
-363
449
392
-306
414
232
448
1
-19
